surface_name          T_s
     2  41.87964744
     3  41.64246894
     4  50.81010988
     5  41.92864498
     8  42.13179643
     9  42.01030673
    10  41.77158085
    11  50.95429391
    12  47.80094933
    14  42.00677201
    15  41.99556648
    16  50.82089445
    17  41.73802535
    18  51.30071460
    19  42.03992723
    20  50.99657053
    21  42.44971488
    22  42.35282663
    25  51.18864044
    26  42.33067972
    27  42.01867698
    28  41.77402247
    31  42.02638591
    32  50.97737907
    33  42.35370645
    34  42.14856605
    37  42.00360221
    38  50.99170664
    39  42.37377811
    40  42.32319715
    43  42.00549212
    44  50.99058062
    45  42.36012592
    46  42.32390327
    49  41.76412900
    50  51.77840720
    51  42.39247437
    52  42.22937432
    53  47.65026780
    55  41.93402636
    56  40.12323244
    57  41.04363685
    58  40.18813682
    59  41.93538454
    60  41.93549008
    61  41.68637066
    62  50.86932251
    63  40.58165264
    64  50.55229010
    65  40.48402842
    66  50.83424501
    67  42.00398666
    70  42.29428186
    71  40.53108459
    72  41.43496826
    73  40.54854563
    74  42.21049309
    75  42.05507881
    76  41.81781871
    77  51.03989546
    78  43.50650973
    79  52.60636274
    80  43.24249356
    81  51.45518306
    82  42.42840301
    85  42.27456388
    86  41.21031733
    87  41.70755192
    88  41.49596113
    89  42.27252632
    90  42.09291843
    91  41.86267183
    92  51.08005429
    93  43.80453897
    94  53.44705372
    95  43.19699152
    96  51.43769498
    97  42.42021948
    98  42.14596168
    99  52.48979293
   100  47.61184218
   104  42.33374304
   105  40.52786088
   106  41.45514066
   107  40.56999159
   108  42.23888368
   109  42.06854679
   110  41.82417854
   111  51.09224446
   112  40.71377817
   113  50.88625726
   114  43.62535266
   115  52.46547189
   116  42.39521962
   119  42.34894022
   120  40.56167377
   121  41.41028550
   122  40.56630033
   123  42.27823938
   124  42.08937849
   125  41.83239914
   126  51.06123515
   127  43.43774177
   128  50.64688431
   129  43.72568159
   130  51.83817934
   131  42.44254787
   134  42.34815337
   135  40.55693969
   136  41.44114246
   137  40.57619331
   138  42.27334382
   139  42.08101078
   140  41.83675209
   141  51.07256403
   142  41.92665390
   143  52.55003194
   144  42.87571561
   145  51.95801551
   146  42.40394038
   149  42.30172840
   150  40.52704888
   151  41.39065725
   152  40.55320230
   153  42.19427921
   154  42.08459202
   155  41.83773673
   156  51.06791972
   157  43.46454509
   158  52.35770442
   159  43.28002884
   160  51.31024783
   161  42.42308431
   164  42.36425052
   165  40.56851598
   166  41.43471092
   167  40.57798923
   168  42.24075163
   169  42.08666795
   170  41.85737630
   171  51.06215576
   172  41.82771502
   173  52.32230000
   174  43.75726692
   175  51.72660380
   176  42.41241158
   179  42.25395333
   180  40.46737227
   181  41.41519332
   182  40.56577104
   183  42.25461796
   184  42.06938862
   185  41.83961859
   186  51.17195107
   187  43.63080505
   188  52.48480513
   189  43.08875842
   190  51.31123356
   191  42.53769918
   194  42.31193821
   195  40.55723434
   196  41.45818891
   197  40.57837354
   198  42.25505734
   199  42.07007813
   200  41.83249641
   201  51.06147968
   202  41.69200286
   203  52.32017242
   204  43.42988028
   205  51.55057638
   206  42.45581192
   209  42.28893422
   210  40.45595611
   211  41.37118377
   212  40.53619099
   213  42.25565739
   214  42.08105487
   215  41.82955475
   216  51.07235229
   217  43.52607954
   218  51.90273946
   219  42.71202509
   220  51.79865029
   221  42.39912437
   224  42.34125140
   225  40.45588043
   226  41.24667832
   227  40.58032394
   228  42.42427589
   229  42.41491054
   230  41.84544691
   231  51.05557368
   232  40.78444477
   233  50.74549399
   234  40.64923743
   235  50.98505962
   236  42.19826160
   239  42.25517282
   240  40.45007964
   241  41.36636378
   242  40.52746491
   243  42.49053849
   244  42.08188721
   245  41.83432117
   246  51.07987569
   247  41.74333195
   248  52.56937092
   249  43.84819278
   250  51.89319923
   251  42.41470403
   254  42.14551488
   255  40.28805521
   256  41.20059530
   257  40.40934023
   258  42.13488255
   259  42.14522203
   260  41.84942556
   261  51.06170219
   262  40.79521754
   263  50.75247637
   264  40.66369477
   265  51.06105946
   266  42.24663569
   269  42.07996992
   270  40.27255230
   271  41.19090898
   272  40.39248217
   273  42.08119617
   274  42.08177628
   275  41.83427980
   276  51.03799103
   277  40.76834839
   278  50.72723532
   279  40.63340704
   280  51.01319663
   281  42.18379048
   284  42.32573948
   285  40.55266799
   286  41.44719277
   287  40.58262121
   288  42.23239288
   289  42.07724812
   290  41.83313260
   291  51.06020315
   292  43.51527055
   293  53.42328930
   294  44.63654124
   295  51.59092683
   296  42.42144023
   299  42.33061140
   300  40.57108406
   301  41.46367849
   302  40.58637643
   303  42.24378926
   304  42.06891946
   305  41.82981594
   306  51.09081101
   307  41.70424302
   308  52.61354823
   309  43.09623355
   310  51.38638415
   311  42.43042277
   314  42.08320736
   315  40.27556165
   316  41.19423338
   317  40.39177404
   318  42.08272267
   319  42.08325730
   320  41.83477140
   321  51.03932706
   322  40.76944781
   323  50.72647507
   324  40.62872775
   325  51.01062250
   326  42.18235446
   329  42.36895779
   330  40.59853908
   331  41.43192548
   332  40.61623146
   333  42.23677061
   334  42.08294735
   335  41.83106148
   336  51.06154231
   337  43.42728890
   338  51.33865947
   339  43.55057021
   340  52.11921484
   341  42.43415496
   344  42.24167724
   345  40.53922512
   346  41.43962552
   347  40.68059737
   348  42.28220385
   349  42.07518870
   350  41.86844236
   351  51.38880133
   352  44.13941906
   353  53.84800327
   354  44.40304330
   355  52.18418342
   356  42.58178672
   359  42.06413369
   360  40.29932132
   361  41.20584193
   362  40.43519549
   363  42.08230057
   364  42.08543866
   365  41.84395527
   366  51.05361714
   367  40.79499293
   368  50.74326935
   369  40.65692325
   370  51.04942944
   371  42.20708985
   374  42.30582448
   375  40.67161219
   376  41.45366676
   377  40.84536033
   378  42.11102222
   379  42.08345777
   380  41.82848217
   381  51.07209856
   382  43.31212541
   383  53.19180474
   384  44.70250697
   385  51.73579111
   386  42.38918390
