surface_name          T_s
     2  42.54487648
     3  41.74994334
     4  44.98186071
     5  44.05910419
     8  43.86536301
     9  42.68568243
    10  41.86832327
    11  44.93639026
    12  49.37673749
    14  41.98752469
    15  42.15378839
    16  44.55293492
    17  41.74927113
    18  45.14807284
    19  43.70352624
    20  44.91177786
    21  44.12107921
    22  42.83135461
    25  44.99775277
    26  43.94052918
    27  42.69952137
    28  41.87555147
    31  41.94709738
    32  44.95314424
    33  43.98230911
    34  42.77161709
    37  42.03012255
    38  44.95635699
    39  43.99375963
    40  42.76937482
    43  42.06317434
    44  44.95818328
    45  43.99868872
    46  42.77442574
    49  42.49941622
    50  45.94287703
    51  44.05559570
    52  42.95502638
    53  48.56613745
    55  42.60531197
    56  40.63133852
    57  41.75771539
    58  41.28460783
    59  42.60656274
    60  42.60666008
    61  42.52001394
    62  45.16265603
    63  42.64101184
    64  44.60072972
    65  40.88106913
    66  44.99242181
    67  44.83026051
    70  42.81025755
    71  40.81418688
    72  42.12048146
    73  41.53445536
    74  42.78014547
    75  42.73878402
    76  42.85745177
    77  45.30140206
    78  45.88473058
    79  46.76237461
    80  46.49397655
    81  47.30561565
    82  44.03261124
    85  42.83496057
    86  41.25646558
    87  42.32861319
    88  43.11855079
    89  42.85121421
    90  42.77572201
    91  42.30680735
    92  47.83075020
    93  45.68685315
    94  47.67705035
    95  45.72807597
    96  47.15197554
    97  44.06272944
    98  42.78685437
    99  58.06443300
   100  49.08491526
   104  42.82657934
   105  40.82686693
   106  42.14908962
   107  41.59588125
   108  42.78071644
   109  42.75226524
   110  42.74808010
   111  45.81678525
   112  44.35532600
   113  45.90962942
   114  46.46322807
   115  47.62130211
   116  44.08316999
   119  42.83197608
   120  40.83231744
   121  42.16102872
   122  41.63931188
   123  42.81308308
   124  42.77111963
   125  42.49345233
   126  45.31507686
   127  45.54555572
   128  47.03969993
   129  46.36672017
   130  49.51155364
   131  44.06895708
   134  42.83658828
   135  40.83120005
   136  42.31237139
   137  41.67994321
   138  42.79830626
   139  42.76524690
   140  42.85068485
   141  45.28041380
   142  45.48542212
   143  46.73197786
   144  46.56173412
   145  48.48155193
   146  44.05909880
   149  42.82701258
   150  40.83109345
   151  42.08574578
   152  41.80452238
   153  42.82255595
   154  42.76806183
   155  42.31490694
   156  45.92919869
   157  45.41721214
   158  47.35980560
   159  46.08919102
   160  47.15626935
   161  44.06294366
   164  42.83767714
   165  40.83454569
   166  42.46538287
   167  41.76296687
   168  42.81249159
   169  42.76666865
   170  42.87115829
   171  45.29055439
   172  45.50982494
   173  46.92024439
   174  46.31350836
   175  47.61741471
   176  44.06497783
   179  42.83143784
   180  40.88964263
   181  42.21682795
   182  41.90429179
   183  42.79107066
   184  42.75325759
   185  42.95318297
   186  46.98352078
   187  45.31742243
   188  46.23507252
   189  46.73173860
   190  48.70520069
   191  44.21777937
   194  42.82763168
   195  40.83042484
   196  42.47946374
   197  41.72049643
   198  42.80179778
   199  42.75691352
   200  42.94632455
   201  45.35529536
   202  45.88568879
   203  47.23289777
   204  46.18572553
   205  47.81119958
   206  44.05458745
   209  42.84522208
   210  40.83605394
   211  42.18139319
   212  42.14105063
   213  42.84406009
   214  42.76661370
   215  42.22468043
   216  46.83868740
   217  45.31804121
   218  47.32263561
   219  46.25579461
   220  46.35187341
   221  44.02813774
   224  42.86385303
   225  40.85146808
   226  42.32223024
   227  42.03065875
   228  42.87299411
   229  42.87073866
   230  41.93836221
   231  45.02032053
   232  42.74478561
   233  44.68834619
   234  40.97228185
   235  45.10925830
   236  44.01458679
   239  42.83174962
   240  40.83191973
   241  42.23925869
   242  42.01554305
   243  42.87821527
   244  42.76593103
   245  42.26490494
   246  47.54484561
   247  45.03304659
   248  47.62453082
   249  46.42406020
   250  46.75440635
   251  44.04067393
   254  42.83604068
   255  40.92034497
   256  41.99369988
   257  42.78122919
   258  43.66509197
   259  43.60677755
   260  42.76219659
   261  45.01840350
   262  42.74509178
   263  44.69885945
   264  40.97462050
   265  45.01923017
   266  43.96519098
   269  42.76506318
   270  40.76825383
   271  41.91871253
   272  41.99909267
   273  42.76618485
   274  42.76671823
   275  42.75948235
   276  45.26345235
   277  42.81653359
   278  44.72096829
   279  40.98565771
   280  45.04171496
   281  44.89968571
   284  42.83331274
   285  40.83165345
   286  42.20463851
   287  41.92561609
   288  42.80142135
   289  42.76122634
   290  42.88670196
   291  45.28339949
   292  45.94578235
   293  46.82005858
   294  46.62536729
   295  47.42302850
   296  44.05472449
   299  42.82931355
   300  40.83146580
   301  42.32029269
   302  42.08919952
   303  42.82128103
   304  42.75451220
   305  42.91673187
   306  45.39524139
   307  45.73469332
   308  47.21805953
   309  46.46848127
   310  48.26964567
   311  44.05818939
   314  42.76806240
   315  40.77085492
   316  41.92206840
   317  41.83762300
   318  42.76760826
   319  42.76809986
   320  42.56839676
   321  45.17134796
   322  42.77449557
   323  44.70329758
   324  41.45542973
   325  45.37969501
   326  45.20805120
   329  42.83587076
   330  40.84658589
   331  42.09897619
   332  42.22927118
   333  42.80103427
   334  42.76752123
   335  42.75295506
   336  45.30798547
   337  45.52138334
   338  46.73580450
   339  46.46355343
   340  47.09410043
   341  44.06885710
   344  42.87678027
   345  41.01098511
   346  42.33495285
   347  42.57400814
   348  42.83892598
   349  42.75259676
   350  43.02041795
   351  47.83877666
   352  46.14605186
   353  48.22406665
   354  45.01938276
   355  48.44340690
   356  44.33533707
   359  42.77765792
   360  40.80055218
   361  41.94441754
   362  42.29077445
   363  42.81877567
   364  42.88810584
   365  42.07732882
   366  45.22416550
   367  42.92679199
   368  45.08449896
   369  41.48093600
   370  45.10715699
   371  44.42591948
   374  42.85074079
   375  40.93026232
   376  42.11522524
   377  42.63266281
   378  42.77734388
   379  42.76822149
   380  42.21407374
   381  46.20292980
   382  45.63506326
   383  46.95578507
   384  46.32769823
   385  46.37916379
   386  44.01984793
